664159	550946	183648.6667	332079.5
665845	557965	185988.3333	332922.5
597173	575538	191846	298586.5
618600	551446	183815.3333	309300
635690	608046	202682	317845
588100	557588	185862.6667	294050
582015	546191	182063.6667	291007.5
604678	574577	191525.6667	302339
572029	518313	172771	286014.5
604737	574591	191530.3333	302368.5
577728	587566	195855.3333	288864
602013	574722	191574	301006.5
627968	574625	191541.6667	313984
607269	536961	178987	303634.5
603145	574795	191598.3333	301572.5
671919	571761	190587	335959.5
612184	570393	190131	306092
600032	575310	191770	300016
627912	593892	197964	313956
601967	604428	201476	300983.5
591851	569051	189683.6667	295925.5
601444	572693	190897.6667	300722
629718	558104	186034.6667	314859
661430	603567	201189	330715
597551	556737	185579	298775.5
601182	582584	194194.6667	300591
562704	570596	190198.6667	281352
605107	563429	187809.6667	302553.5
607214	575069	191689.6667	303607
568824	570203	190067.6667	284412
612485	518009	172669.6667	306242.5
589244	573777	191259	294622
625579	551084	183694.6667	312789.5
560237	500154	166718	280118.5
626224	569687	189895.6667	313112
610666	551701	183900.3333	305333
597428	569940	189980	298714
600582	599535	199845	300291
604168	555003	185001	302084
613871	550423	183474.3333	306935.5
617310	551945	183981.6667	308655
625728	579460	193153.3333	312864
606300	566708	188902.6667	303150
638559	558807	186269	319279.5
582176	630383	210127.6667	291088
544056	577786	192595.3333	272028
631297	578351	192783.6667	315648.5
561574	621747	207249	280787
604973	574773	191591	302486.5
605284	556134	185378	302642
617910	592293	197431	308955
555904	640401	213467	277952
526559	509417	169805.6667	263279.5
603849	572396	190798.6667	301924.5
598634	619900	206633.3333	299317
603359	589262	196420.6667	301679.5
657455	567754	189251.3333	328727.5
614279	599251	199750.3333	307139.5
578496	631434	210478	289248
645171	595209	198403	322585.5
688015	533535	177845	344007.5
656477	573007	191002.3333	328238.5
540029	563888	187962.6667	270014.5
597418	538362	179454	298709
613545	574733	191577.6667	306772.5
628696	542447	180815.6667	314348
604157	574191	191397	302078.5
603126	497987	165995.6667	301563
605850	533310	177770	302925
596179	529556	176518.6667	298089.5
610330	552628	184209.3333	305165
598184	531473	177157.6667	299092
620438	511694	170564.6667	310219
600202	622079	207359.6667	300101
603021	577991	192663.6667	301510.5
515612	540643	180214.3333	257806
606548	574376	191458.6667	303274
593490	623110	207703.3333	296745
607084	595500	198500	303542
583728	563146	187715.3333	291864
616044	533807	177935.6667	308022
624452	584622	194874	312226
604438	574666	191555.3333	302219
625709	660145	220048.3333	312854.5
601376	579831	193277	300688
565148	557305	185768.3333	282574
639418	537903	179301	319709
612799	537497	179165.6667	306399.5
583653	652182	217394	291826.5
599808	596484	198828	299904
605250	573272	191090.6667	302625
606738	601356	200452	303369
611044	571814	190604.6667	305522
575440	568511	189503.6667	287720
616329	529516	176505.3333	308164.5
605927	572533	190844.3333	302963.5
609286	586782	195594	304643
647354	579190	193063.3333	323677
606929	571420	190473.3333	303464.5
562920	559223	186407.6667	281460
680357	620811	206937	340178.5
707100	601463	200487.6667	353550
604294	574368	191456	302147
614917	600946	200315.3333	307458.5
611508	503220	167740	305754
603789	574474	191491.3333	301894.5
551740	588768	196256	275870
546031	570429	190143	273015.5
569197	559307	186435.6667	284598.5
688712	568754	189584.6667	344356
604067	574091	191363.6667	302033.5
606809	572101	190700.3333	303404.5
588597	622592	207530.6667	294298.5
613840	534167	178055.6667	306920
576263	547239	182413	288131.5
597077	568196	189398.6667	298538.5
601339	571609	190536.3333	300669.5
606011	569426	189808.6667	303005.5
593398	559764	186588	296699
593166	622725	207575	296583
609796	532982	177660.6667	304898
712648	607541	202513.6667	356324
585048	505097	168365.6667	292524
525967	565687	188562.3333	262983.5
660327	585901	195300.3333	330163.5
607604	573951	191317	303802
604001	573587	191195.6667	302000.5
591484	571087	190362.3333	295742
613868	585089	195029.6667	306934
645464	660478	220159.3333	322732
538571	654649	218216.3333	269285.5
555429	604551	201517	277714.5
597620	586226	195408.6667	298810
586097	567445	189148.3333	293048.5
545235	539822	179940.6667	272617.5
649088	575733	191911	324544
599123	616977	205659	299561.5
563763	559454	186484.6667	281881.5
617717	613939	204646.3333	308858.5
618869	577243	192414.3333	309434.5
567188	560044	186681.3333	283594
636628	533309	177769.6667	318314
560362	567914	189304.6667	280181
595014	632844	210948	297507
605876	550640	183546.6667	302938
604352	573425	191141.6667	302176
600679	599545	199848.3333	300339.5
596891	579476	193158.6667	298445.5
614943	540976	180325.3333	307471.5
604415	571400	190466.6667	302207.5
603698	573585	191195	301849
658199	568743	189581	329099.5
598759	582942	194314	299379.5
671269	590258	196752.6667	335634.5
593317	534085	178028.3333	296658.5
657985	453405	151135	328992.5
608557	590278	196759.3333	304278.5
623004	508050	169350	311502
601900	569391	189797	300950
641031	593074	197691.3333	320515.5
589658	640498	213499.3333	294829
567565	573952	191317.3333	283782.5
559078	570088	190029.3333	279539
639431	588155	196051.6667	319715.5
566609	537592	179197.3333	283304.5
568570	579335	193111.6667	284285
660650	615038	205012.6667	330325
667639	571164	190388	333819.5
596796	529933	176644.3333	298398
606111	617846	205948.6667	303055.5
616060	590779	196926.3333	308030
602873	527864	175954.6667	301436.5
571334	594145	198048.3333	285667
602167	543919	181306.3333	301083.5
605100	573307	191102.3333	302550
546640	560043	186681	273320
585195	555011	185003.6667	292597.5
651740	589474	196491.3333	325870
589112	536573	178857.6667	294556
582057	543124	181041.3333	291028.5
690968	555952	185317.3333	345484
609030	552436	184145.3333	304515
632125	541413	180471	316062.5
603445	630598	210199.3333	301722.5
628264	616214	205404.6667	314132
577242	574073	191357.6667	288621
604090	574392	191464	302045
607911	576556	192185.3333	303955.5
600665	638890	212963.3333	300332.5
600117	539079	179693	300058.5
631182	565466	188488.6667	315591
695646	652231	217410.3333	347823
619445	567491	189163.6667	309722.5
613191	571942	190647.3333	306595.5
567428	580005	193335	283714
590583	623314	207771.3333	295291.5
606289	670243	223414.3333	303144.5
585175	574133	191377.6667	292587.5
634967	579020	193006.6667	317483.5
614615	574437	191479	307307.5
593061	579188	193062.6667	296530.5
606933	576409	192136.3333	303466.5
606587	573873	191291	303293.5
594084	629464	209821.3333	297042
683697	581516	193838.6667	341848.5
601530	577183	192394.3333	300765
603055	589818	196606	301527.5
616561	619007	206335.6667	308280.5
607463	477085	159028.3333	303731.5
611581	572630	190876.6667	305790.5
579712	568354	189451.3333	289856
602887	595245	198415	301443.5
600039	557139	185713	300019.5
605913	579526	193175.3333	302956.5
579773	568698	189566	289886.5
606324	544357	181452.3333	303162
605958	573728	191242.6667	302979
606144	575076	191692	303072
667472	570571	190190.3333	333736
580048	565009	188336.3333	290024
597802	576113	192037.6667	298901
610263	574422	191474	305131.5
603855	575180	191726.6667	301927.5
624369	532153	177384.3333	312184.5
599870	591110	197036.6667	299935
577167	617095	205698.3333	288583.5
658403	611332	203777.3333	329201.5
563460	480559	160186.3333	281730
610980	522819	174273	305490
569422	567790	189263.3333	284711
627727	578737	192912.3333	313863.5
592804	584539	194846.3333	296402
540783	626497	208832.3333	270391.5
591823	639096	213032	295911.5
637323	549567	183189	318661.5
638078	629421	209807	319039
611315	560757	186919	305657.5
647103	573853	191284.3333	323551.5
522993	595581	198527	261496.5
601187	531825	177275	300593.5
533799	564377	188125.6667	266899.5
649034	528813	176271	324517
620975	564344	188114.6667	310487.5
622407	583192	194397.3333	311203.5
597026	642918	214306	298513
551291	576721	192240.3333	275645.5
608768	610525	203508.3333	304384
697959	614701	204900.3333	348979.5
658281	582264	194088	329140.5
546632	599204	199734.6667	273316
672565	564468	188156	336282.5
636500	587401	195800.3333	318250
696144	548705	182901.6667	348072
533551	582247	194082.3333	266775.5
526802	551524	183841.3333	263401
553038	606418	202139.3333	276519
696601	603624	201208	348300.5
588964	597435	199145	294482
716139	621721	207240.3333	358069.5
608529	586311	195437	304264.5
557378	567033	189011	278689
589994	610890	203630	294997
589344	563119	187706.3333	294672
624415	515911	171970.3333	312207.5
565483	551512	183837.3333	282741.5
584895	574666	191555.3333	292447.5
582777	542670	180890	291388.5
639394	576728	192242.6667	319697
608298	573748	191249.3333	304149
663578	586265	195421.6667	331789
628080	562986	187662	314040
597421	554767	184922.3333	298710.5
595193	576508	192169.3333	297596.5
658103	572250	190750	329051.5
659529	498474	166158	329764.5
606415	581386	193795.3333	303207.5
641976	577433	192477.6667	320988
587466	564953	188317.6667	293733
589180	595099	198366.3333	294590
601885	573083	191027.6667	300942.5
580561	528916	176305.3333	290280.5
621726	578003	192667.6667	310863
558817	576255	192085	279408.5
620213	574468	191489.3333	310106.5
594010	570095	190031.6667	297005
541976	512639	170879.6667	270988
593840	578685	192895	296920
602667	575857	191952.3333	301333.5
631446	561156	187052	315723
596481	567449	189149.6667	298240.5
611318	581584	193861.3333	305659
568546	564911	188303.6667	284273
593865	572987	190995.6667	296932.5
597017	575588	191862.6667	298508.5
578804	573582	191194	289402
673750	594081	198027	336875
592714	553958	184652.6667	296357
594029	586701	195567	297014.5
668502	563937	187979	334251
629533	537542	179180.6667	314766.5
801539	318482	106160.6667	400769.5
801667	318542	106180.6667	400833.5
814045	332998	110999.3333	407022.5
800479	321640	107213.3333	400239.5
757470	224976	74992	378735
844536	424646	141548.6667	422268
797105	316002	105334	398552.5
779956	271501	90500.33333	389978
797205	313318	104439.3333	398602.5
801323	316240	105413.3333	400661.5
783666	262902	87634	391833
806131	312752	104250.6667	403065.5
830658	368694	122898	415329
802482	335269	111756.3333	401241
801910	325434	108478	400955
808062	337340	112446.6667	404031
789833	304422	101474	394916.5
803603	327255	109085	401801.5
800865	312968	104322.6667	400432.5
802237	318526	106175.3333	401118.5
803959	315173	105057.6667	401979.5
800123	312312	104104	400061.5
780927	285057	95019	390463.5
797242	324588	108196	398621
801551	320544	106848	400775.5
809182	319115	106371.6667	404591
801931	317202	105734	400965.5
870801	476330	158776.6667	435400.5
820327	352701	117567	410163.5
801093	317509	105836.3333	400546.5
798523	324500	108166.6667	399261.5
805237	318655	106218.3333	402618.5
803375	311620	103873.3333	401687.5
801441	323812	107937.3333	400720.5
797313	317527	105842.3333	398656.5
788220	301915	100638.3333	394110
790395	300024	100008	395197.5
817135	349925	116641.6667	408567.5
797787	301470	100490	398893.5
804630	332333	110777.6667	402315
808710	330379	110126.3333	404355
802111	320817	106939	401055.5
796375	309563	103187.6667	398187.5
819768	346596	115532	409884
814605	354382	118127.3333	407302.5
800565	319364	106454.6667	400282.5
802089	313456	104485.3333	401044.5
814401	341234	113744.6667	407200.5
796609	319691	106563.6667	398304.5
776131	248465	82821.66667	388065.5
803464	329093	109697.6667	401732
802646	317894	105964.6667	401323
809550	327365	109121.6667	404775
795322	311178	103726	397661
830450	393096	131032	415225
778414	260729	86909.66667	389207
800041	318331	106110.3333	400020.5
802814	320130	106710	401407
802738	312234	104078	401369
823913	369439	123146.3333	411956.5
803386	318982	106327.3333	401693
812869	346251	115417	406434.5
798904	324420	108140	399452
800447	331643	110547.6667	400223.5
807446	342555	114185	403723
804251	329956	109985.3333	402125.5
797594	302109	100703	398797
803448	314797	104932.3333	401724
765502	240340	80113.33333	382751
795527	315510	105170	397763.5
794640	313497	104499	397320
808717	335740	111913.3333	404358.5
790932	305223	101741	395466
816852	352965	117655	408426
826228	376658	125552.6667	413114
795299	312036	104012	397649.5
808686	332209	110736.3333	404343
809594	344872	114957.3333	404797
799275	324108	108036	399637.5
878184	487392	162464	439092
798472	322218	107406	399236
824822	367091	122363.6667	412411
746769	205186	68395.33333	373384.5
756701	207223	69074.33333	378350.5
795489	287279	95759.66667	397744.5
800483	320713	106904.3333	400241.5
783491	288029	96009.66667	391745.5
797162	306135	102045	398581
800272	316170	105390	400136
806827	324616	108205.3333	403413.5
802853	314938	104979.3333	401426.5
800804	316615	105538.3333	400402
813173	354777	118259	406586.5
801588	319814	106604.6667	400794
797400	315778	105259.3333	398700
823840	368410	122803.3333	411920
811391	343836	114612	405695.5
801055	321833	107277.6667	400527.5
804038	306622	102207.3333	402019
803780	334441	111480.3333	401890
834173	386159	128719.6667	417086.5
802784	313853	104617.6667	401392
807293	347456	115818.6667	403646.5
817119	336333	112111	408559.5
786635	269352	89784	393317.5
824624	381716	127238.6667	412312
797415	319840	106613.3333	398707.5
800772	325023	108341	400386
806626	318966	106322	403313
800845	311838	103946	400422.5
769386	259892	86630.66667	384693
797272	324228	108076	398636
807409	325526	108508.6667	403704.5
795836	291870	97290	397918
798321	319665	106555	399160.5
805372	313397	104465.6667	402686
790738	308028	102676	395369
800667	315995	105331.6667	400333.5
795205	316433	105477.6667	397602.5
809054	345541	115180.3333	404527
808452	320117	106705.6667	404226
779897	279572	93190.66667	389948.5
782642	275308	91769.33333	391321
797569	321799	107266.3333	398784.5
801751	318110	106036.6667	400875.5
787644	297715	99238.33333	393822
807401	314610	104870	403700.5
800677	310656	103552	400338.5
800394	301473	100491	400197
795571	310093	103364.3333	397785.5
814158	335578	111859.3333	407079
811913	325091	108363.6667	405956.5
806982	316680	105560	403491
775604	274485	91495	387802
800133	327081	109027	400066.5
806511	313841	104613.6667	403255.5
803796	314893	104964.3333	401898
802012	318315	106105	401006
826789	377676	125892	413394.5
814108	344096	114698.6667	407054
804354	309671	103223.6667	402177
807017	330432	110144	403508.5
803774	334756	111585.3333	401887
817410	346944	115648	408705
841928	398948	132982.6667	420964
816145	349032	116344	408072.5
818622	370753	123584.3333	409311
786245	292352	97450.66667	393122.5
784164	285702	95234	392082
805390	319676	106558.6667	402695
790774	303642	101214	395387
803277	319525	106508.3333	401638.5
833182	379714	126571.3333	416591
773023	251826	83942	386511.5
801609	320399	106799.6667	400804.5
778965	282290	94096.66667	389482.5
814317	333112	111037.3333	407158.5
805080	323708	107902.6667	402540
801080	318049	106016.3333	400540
799724	318884	106294.6667	399862
798059	316113	105371	399029.5
806176	320301	106767	403088
769876	257669	85889.66667	384938
825716	373098	124366	412858
791983	298565	99521.66667	395991.5
801386	313545	104515	400693
804871	317801	105933.6667	402435.5
810903	332925	110975	405451.5
838276	395673	131891	419138
810543	341180	113726.6667	405271.5
777978	252419	84139.66667	388989
820258	351165	117055	410129
801997	319385	106461.6667	400998.5
779437	281959	93986.33333	389718.5
810253	323873	107957.6667	405126.5
794826	309589	103196.3333	397413
814280	344223	114741	407140
832651	373469	124489.6667	416325.5
794142	306704	102234.6667	397071
802041	319504	106501.3333	401020.5
804190	320706	106902	402095
798983	325682	108560.6667	399491.5
840462	402858	134286	420231
799912	323363	107787.6667	399956
804119	328544	109514.6667	402059.5
804358	320802	106934	402179
803057	331037	110345.6667	401528.5
803031	325811	108603.6667	401515.5
784151	283760	94586.66667	392075.5
800444	311497	103832.3333	400222
802004	317772	105924	401002
803470	319069	106356.3333	401735
811277	335577	111859	405638.5
803332	315488	105162.6667	401666
800037	317963	105987.6667	400018.5
813436	360446	120148.6667	406718
800694	316789	105596.3333	400347
838129	404012	134670.6667	419064.5
764997	249477	83159	382498.5
800316	311699	103899.6667	400158
806848	320541	106847	403424
805462	317833	105944.3333	402731
798308	312788	104262.6667	399154
802655	316263	105421	401327.5
801456	320080	106693.3333	400728
801309	318213	106071	400654.5
840886	397888	132629.3333	420443
829529	375007	125002.3333	414764.5
830805	370801	123600.3333	415402.5
804979	334141	111380.3333	402489.5
804013	316083	105361	402006.5
808489	317021	105673.6667	404244.5
770113	241615	80538.33333	385056.5
804332	319006	106335.3333	402166
833661	389733	129911	416830.5
797834	297329	99109.66667	398917
794956	309980	103326.6667	397478
801232	307078	102359.3333	400616
809552	342258	114086	404776
794615	305632	101877.3333	397307.5
809259	345634	115211.3333	404629.5
811502	355939	118646.3333	405751
801301	316893	105631	400650.5
803370	318247	106082.3333	401685
804702	315881	105293.6667	402351
797009	293194	97731.33333	398504.5
813791	334609	111536.3333	406895.5
812965	330224	110074.6667	406482.5
826048	374236	124745.3333	413024
800959	322309	107436.3333	400479.5
803405	317316	105772	401702.5
802254	320673	106891	401127
783116	265635	88545	391558
798633	317300	105766.6667	399316.5
801482	327644	109214.6667	400741
798612	326404	108801.3333	399306
799001	302014	100671.3333	399500.5
802537	312497	104165.6667	401268.5
799794	315080	105026.6667	399897
793892	313943	104647.6667	396946
804691	332987	110995.6667	402345.5
793855	298525	99508.33333	396927.5
796952	318633	106211	398476
800655	320227	106742.3333	400327.5
801780	318992	106330.6667	400890
805977	320805	106935	402988.5
796916	323332	107777.3333	398458
820904	351763	117254.3333	410452
808405	318841	106280.3333	404202.5
765283	249459	83153	382641.5
824212	363776	121258.6667	412106
798981	311092	103697.3333	399490.5
797178	310439	103479.6667	398589
800582	316980	105660	400291
803839	310353	103451	401919.5
796283	315582	105194	398141.5
801145	317601	105867	400572.5
801662	318423	106141	400831
801782	318281	106093.6667	400891
803377	319212	106404	401688.5
803932	318781	106260.3333	401966
806192	337849	112616.3333	403096
789583	287700	95900	394791.5
801586	318947	106315.6667	400793
804251	331304	110434.6667	402125.5
799667	316830	105610	399833.5
759789	229116	76372	379894.5
799021	326404	108801.3333	399510.5
793684	312065	104021.6667	396842
806320	315242	105080.6667	403160
786234	267976	89325.33333	393117
821151	366545	122181.6667	410575.5
801903	312794	104264.6667	400951.5
782506	279930	93310	391253
803627	319323	106441	401813.5
794991	291216	97072	397495.5
794667	315069	105023	397333.5
799291	317500	105833.3333	399645.5
798243	324160	108053.3333	399121.5
804408	337683	112561	402204
818119	348676	116225.3333	409059.5
810502	336169	112056.3333	405251
793560	285392	95130.66667	396780
801326	315779	105259.6667	400663
808644	326320	108773.3333	404322
813645	328765	109588.3333	406822.5
800966	317165	105721.6667	400483
797111	302781	100927	398555.5
802431	322048	107349.3333	401215.5
811061	333595	111198.3333	405530.5
786719	283364	94454.66667	393359.5
773955	239849	79949.66667	386977.5
803701	321815	107271.6667	401850.5
783110	289805	96601.66667	391555
800235	316652	105550.6667	400117.5
807421	317527	105842.3333	403710.5
797947	319734	106578	398973.5
805035	317469	105823	402517.5
801166	322298	107432.6667	400583
846693	429031	143010.3333	423346.5
801493	322249	107416.3333	400746.5
806087	326636	108878.6667	403043.5
810657	329468	109822.6667	405328.5
801313	300606	100202	400656.5
800390	309948	103316	400195
801634	318965	106321.6667	400817
799197	314215	104738.3333	399598.5
795254	296488	98829.33333	397627
807696	320548	106849.3333	403848
800461	326821	108940.3333	400230.5
801174	320442	106814	400587
809781	326904	108968	404890.5
826585	366934	122311.3333	413292.5
804429	312164	104054.6667	402214.5
788005	292268	97422.66667	394002.5
801183	316191	105397	400591.5
378274	816341	272113.6667	189137
406233	813072	271024	203116.5
401478	785370	261790	200739
448651	847994	282664.6667	224325.5
434440	822866	274288.6667	217220
369199	734895	244965	184599.5
413241	771595	257198.3333	206620.5
369418	733394	244464.6667	184709
378563	789670	263223.3333	189281.5
424190	780052	260017.3333	212095
415993	776671	258890.3333	207996.5
421352	799127	266375.6667	210676
432656	783776	261258.6667	216328
383032	788008	262669.3333	191516
414377	771258	257086	207188.5
425260	773661	257887	212630
469139	810971	270323.6667	234569.5
442979	803024	267674.6667	221489.5
347079	803582	267860.6667	173539.5
412797	803180	267726.6667	206398.5
352874	807952	269317.3333	176437
442286	755194	251731.3333	221143
416433	786159	262053	208216.5
419700	793447	264482.3333	209850
422961	821595	273865	211480.5
400008	789447	263149	200004
429586	775621	258540.3333	214793
457561	788245	262748.3333	228780.5
415417	785827	261942.3333	207708.5
389552	750700	250233.3333	194776
415598	786499	262166.3333	207799
443447	783977	261325.6667	221723.5
404792	749210	249736.6667	202396
389392	730768	243589.3333	194696
473485	847098	282366	236742.5
491614	778997	259665.6667	245807
437483	785130	261710	218741.5
452570	848127	282709	226285
417197	778243	259414.3333	208598.5
405986	787439	262479.6667	202993
437568	794323	264774.3333	218784
420319	794333	264777.6667	210159.5
418963	746595	248865	209481.5
469422	822619	274206.3333	234711
397688	762902	254300.6667	198844
418149	790096	263365.3333	209074.5
407289	798870	266290	203644.5
360319	778673	259557.6667	180159.5
473799	795167	265055.6667	236899.5
445199	763833	254611	222599.5
446537	828924	276308	223268.5
410019	732704	244234.6667	205009.5
396540	815936	271978.6667	198270
407694	718592	239530.6667	203847
417091	792545	264181.6667	208545.5
442260	754050	251350	221130
411526	784658	261552.6667	205763
407814	765816	255272	203907
394022	803914	267971.3333	197011
481133	781413	260471	240566.5
396118	794614	264871.3333	198059
458538	786673	262224.3333	229269
419721	789724	263241.3333	209860.5
424476	781552	260517.3333	212238
377720	727349	242449.6667	188860
448336	789445	263148.3333	224168
412227	787450	262483.3333	206113.5
408745	824896	274965.3333	204372.5
417016	774869	258289.6667	208508
395274	786698	262232.6667	197637
412541	806622	268874	206270.5
412109	735920	245306.6667	206054.5
407023	787385	262461.6667	203511.5
376660	815936	271978.6667	188330
396548	784388	261462.6667	198274
508535	830710	276903.3333	254267.5
414014	816460	272153.3333	207007
440782	782395	260798.3333	220391
436951	814456	271485.3333	218475.5
393758	750953	250317.6667	196879
418410	795929	265309.6667	209205
425991	787029	262343	212995.5
414562	787355	262451.6667	207281
408712	803987	267995.6667	204356
377858	811790	270596.6667	188929
417169	792321	264107	208584.5
460371	780609	260203	230185.5
388873	746909	248969.6667	194436.5
395641	808571	269523.6667	197820.5
386436	791388	263796	193218
440667	768761	256253.6667	220333.5
438437	730300	243433.3333	219218.5
370839	727884	242628	185419.5
422917	781112	260370.6667	211458.5
391555	789079	263026.3333	195777.5
402666	814060	271353.3333	201333
474368	812039	270679.6667	237184
406176	760860	253620	203088
463768	793154	264384.6667	231884
446307	796523	265507.6667	223153.5
402309	786873	262291	201154.5
413946	786971	262323.6667	206973
425053	790566	263522	212526.5
416926	785113	261704.3333	208463
424023	737453	245817.6667	212011.5
417447	782955	260985	208723.5
415672	787824	262608	207836
416019	787562	262520.6667	208009.5
417515	787648	262549.3333	208757.5
459230	803720	267906.6667	229615
447833	819282	273094	223916.5
418199	851439	283813	209099.5
417393	771537	257179	208696.5
441415	780207	260069	220707.5
399634	751940	250646.6667	199817
373360	784232	261410.6667	186680
419227	779215	259738.3333	209613.5
434717	808225	269408.3333	217358.5
397669	792218	264072.6667	198834.5
412028	773494	257831.3333	206014
407504	803363	267787.6667	203752
365147	790525	263508.3333	182573.5
459328	805961	268653.6667	229664
429472	860855	286951.6667	214736
480128	785580	261860	240064
344915	702496	234165.3333	172457.5
410969	770451	256817	205484.5
407460	791404	263801.3333	203730
420476	750495	250165	210238
397747	792207	264069	198873.5
408428	771823	257274.3333	204214
397806	749559	249853	198903
426040	825049	275016.3333	213020
407565	766203	255401	203782.5
414317	828815	276271.6667	207158.5
410610	765111	255037	205305
412388	784064	261354.6667	206194
406337	750353	250117.6667	203168.5
422419	754048	251349.3333	211209.5
416039	730594	243531.3333	208019.5
414512	793966	264655.3333	207256
398478	822297	274099	199239
424375	721868	240622.6667	212187.5
403890	792420	264140	201945
400902	772920	257640	200451
402367	782997	260999	201183.5
472917	830363	276787.6667	236458.5
418621	840463	280154.3333	209310.5
329002	727685	242561.6667	164501
418618	811618	270539.3333	209309
425356	745471	248490.3333	212678
470922	770669	256889.6667	235461
400598	790903	263634.3333	200299
412851	774986	258328.6667	206425.5
492415	829655	276551.6667	246207.5
400079	749617	249872.3333	200039.5
417673	785965	261988.3333	208836.5
424720	768456	256152	212360
386415	801444	267148	193207.5
426689	788562	262854	213344.5
430747	776261	258753.6667	215373.5
405714	781619	260539.6667	202857
429220	787348	262449.3333	214610
427850	762201	254067	213925
434080	785264	261754.6667	217040
473514	788780	262926.6667	236757
412386	777312	259104	206193
430686	844506	281502	215343
409142	811927	270642.3333	204571
422198	724557	241519	211099
392185	713763	237921	196092.5
412677	786951	262317	206338.5
399149	784376	261458.6667	199574.5
382693	749680	249893.3333	191346.5
527515	831478	277159.3333	263757.5
448519	805219	268406.3333	224259.5
430779	770145	256715	215389.5
413556	758080	252693.3333	206778
392140	769924	256641.3333	196070
416855	794023	264674.3333	208427.5
389713	772742	257580.6667	194856.5
398498	776720	258906.6667	199249
473727	807244	269081.3333	236863.5
389410	788256	262752	194705
377230	790154	263384.6667	188615
415564	784464	261488	207782
456799	844976	281658.6667	228399.5
444336	820061	273353.6667	222168
404359	783919	261306.3333	202179.5
453154	776082	258694	226577
425019	759577	253192.3333	212509.5
415895	775793	258597.6667	207947.5
420083	787815	262605	210041.5
506612	858859	286286.3333	253306
436648	859634	286544.6667	218324
403522	785432	261810.6667	201761
401407	759648	253216	200703.5
403852	792473	264157.6667	201926
367398	701756	233918.6667	183699
412453	784453	261484.3333	206226.5
382124	786262	262087.3333	191062
416884	786845	262281.6667	208442
448865	836781	278927	224432.5
383821	808301	269433.6667	191910.5
414249	796590	265530	207124.5
457338	789952	263317.3333	228669
396276	785999	261999.6667	198138
390282	789593	263197.6667	195141
409417	758123	252707.6667	204708.5
397561	815245	271748.3333	198780.5
397137	742547	247515.6667	198568.5
402891	801910	267303.3333	201445.5
385257	791581	263860.3333	192628.5
409628	833942	277980.6667	204814
369249	797068	265689.3333	184624.5
460942	779073	259691	230471
423146	737571	245857	211573
420509	788730	262910	210254.5
422736	790806	263602	211368
401492	790336	263445.3333	200746
394018	799506	266502	197009
385140	796221	265407	192570
430243	781020	260340	215121.5
416775	806826	268942	208387.5
425796	795608	265202.6667	212898
411488	837715	279238.3333	205744
433989	765343	255114.3333	216994.5
415806	783594	261198	207903
417023	771194	257064.6667	208511.5
415270	775605	258535	207635
391163	811977	270659	195581.5
405350	762342	254114	202675
414860	773921	257973.6667	207430
371779	814715	271571.6667	185889.5
415631	805010	268336.6667	207815.5
387951	813315	271105	193975.5
472691	802678	267559.3333	236345.5
471930	844046	281348.6667	235965
432892	815223	271741	216446
366654	802105	267368.3333	183327
411721	717873	239291	205860.5
426115	814461	271487	213057.5
375997	806621	268873.6667	187998.5
385561	718324	239441.3333	192780.5
375573	809249	269749.6667	187786.5
437958	784801	261600.3333	218979
363857	784086	261362	181928.5
430138	818594	272864.6667	215069
435085	791564	263854.6667	217542.5
414036	742189	247396.3333	207018
425611	793420	264473.3333	212805.5
439793	740773	246924.3333	219896.5
467107	817914	272638	233553.5
387631	749416	249805.3333	193815.5
430001	765803	255267.6667	215000.5
384225	784381	261460.3333	192112.5
417146	822655	274218.3333	208573
427371	819417	273139	213685.5
399587	792459	264153	199793.5
474648	778810	259603.3333	237324
345692	788190	262730	172846
409515	756149	252049.6667	204757.5
469782	780552	260184	234891
468229	827985	275995	234114.5
414951	852935	284311.6667	207475.5
409701	750741	250247	204850.5
442826	795974	265324.6667	221413
459556	818479	272826.3333	229778
423311	813081	271027	211655.5
476144	772131	257377	238072
391976	789416	263138.6667	195988
448649	813885	271295	224324.5
496658	816784	272261.3333	248329
410336	767856	255952	205168
430167	811490	270496.6667	215083.5
357467	797530	265843.3333	178733.5
404220	785798	261932.6667	202110
446368	763341	254447	223184
439514	758221	252740.3333	219757
424145	743433	247811	212072.5
470062	771204	257068	235031
421187	779726	259908.6667	210593.5
396617	801039	267013	198308.5
394708	739061	246353.6667	197354
394912	755947	251982.3333	197456
425950	788228	262742.6667	212975
408283	806161	268720.3333	204141.5
419520	778231	259410.3333	209760
441950	785934	261978	220975
409814	836083	278694.3333	204907
395817	788858	262952.6667	197908.5
422776	808328	269442.6667	211388
363959	810632	270210.6667	181979.5
422943	804253	268084.3333	211471.5
407626	771304	257101.3333	203813
347933	797148	265716	173966.5
457554	795861	265287	228777
394274	837428	279142.6667	197137
445674	768552	256184	222837
416359	786189	262063	208179.5
419485	804779	268259.6667	209742.5
376176	795539	265179.6667	188088
349378	805118	268372.6667	174689
456566	743012	247670.6667	228283
484407	809641	269880.3333	242203.5
403329	717870	239290	201664.5
392795	817694	272564.6667	196397.5
372621	772258	257419.3333	186310.5
461751	817277	272425.6667	230875.5
489182	773934	257978	244591
427388	815258	271752.6667	213694
418155	819422	273140.6667	209077.5
437035	755506	251835.3333	218517.5
416444	783624	261208	208222
777811	751059	250353	388905.5
823974	725025	241675	411987
749723	781756	260585.3333	374861.5
875160	698897	232965.6667	437580
828194	742074	247358	414097
800913	749332	249777.3333	400456.5
831165	783383	261127.6667	415582.5
793019	764859	254953	396509.5
810467	706465	235488.3333	405233.5
803540	754792	251597.3333	401770
844662	654835	218278.3333	422331
803962	731228	243742.6667	401981
823065	733789	244596.3333	411532.5
822156	732296	244098.6667	411078
811389	723618	241206	405694.5
779936	774397	258132.3333	389968
854769	713941	237980.3333	427384.5
803457	735855	245285	401728.5
790712	745884	248628	395356
815652	733433	244477.6667	407826
841289	701474	233824.6667	420644.5
832054	751330	250443.3333	416027
786032	701427	233809	393016
824835	704997	234999	412417.5
832886	781206	260402	416443
818063	797960	265986.6667	409031.5
857620	709386	236462	428810
828589	652430	217476.6667	414294.5
836727	737798	245932.6667	418363.5
776000	780347	260115.6667	388000
824098	714042	238014	412049
830583	710990	236996.6667	415291.5
862189	735684	245228	431094.5
815131	704478	234826	407565.5
828478	655405	218468.3333	414239
784838	771499	257166.3333	392419
880362	706363	235454.3333	440181
767482	727417	242472.3333	383741
825070	734215	244738.3333	412535
813781	738344	246114.6667	406890.5
840863	737972	245990.6667	420431.5
840943	739611	246537	420471.5
828276	762021	254007	414138
822883	728314	242771.3333	411441.5
854886	769396	256465.3333	427443
829623	732301	244100.3333	414811.5
835428	731189	243729.6667	417714
818338	800932	266977.3333	409169
823417	701523	233841	411708.5
812152	689907	229969	406076
829969	699565	233188.3333	414984.5
861563	661642	220547.3333	430781.5
816955	747629	249209.6667	408477.5
774526	757135	252378.3333	387263
803577	712231	237410.3333	401788.5
798056	714380	238126.6667	399028
881789	727577	242525.6667	440894.5
858867	700187	233395.6667	429433.5
834996	728517	242839	417498
839121	736259	245419.6667	419560.5
841045	738224	246074.6667	420522.5
840100	728839	242946.3333	420050
874544	686096	228698.6667	437272
862334	747768	249256	431167
820253	714625	238208.3333	410126.5
817862	732248	244082.6667	408931
844729	682981	227660.3333	422364.5
846484	719360	239786.6667	423242
793669	724513	241504.3333	396834.5
821906	732848	244282.6667	410953
826465	646980	215660	413232.5
820350	748217	249405.6667	410175
814540	707227	235742.3333	407270
838223	766380	255460	419111.5
869471	745767	248589	434735.5
816054	733183	244394.3333	408027
801177	737548	245849.3333	400588.5
848783	748980	249660	424391.5
814105	723255	241085	407052.5
838036	749612	249870.6667	419018
840270	725456	241818.6667	420135
789601	714058	238019.3333	394800.5
827169	708345	236115	413584.5
789448	738035	246011.6667	394724
835030	668528	222842.6667	417515
848151	741869	247289.6667	424075.5
816091	747764	249254.6667	408045.5
801511	761094	253698	400755.5
822670	689090	229696.6667	411335
873672	734440	244813.3333	436836
808153	737136	245712	404076.5
755829	751858	250619.3333	377914.5
814697	729209	243069.6667	407348.5
832758	707452	235817.3333	416379
848264	762550	254183.3333	424132
799903	784535	261511.6667	399951.5
802674	727804	242601.3333	401337
828147	808738	269579.3333	414073.5
820707	705318	235106	410353.5
824594	741664	247221.3333	412297
804474	747122	249040.6667	402237
823108	733302	244434	411554
839514	728923	242974.3333	419757
827711	732798	244266	413855.5
851644	721350	240450	425822
816390	711340	237113.3333	408195
798007	723995	241331.6667	399003.5
790612	738038	246012.6667	395306
821909	728448	242816	410954.5
865754	723314	241104.6667	432877
735295	814058	271352.6667	367647.5
877711	703850	234616.6667	438855.5
792990	685472	228490.6667	396495
809917	762429	254143	404958.5
789388	712210	237403.3333	394694
879221	655497	218499	439610.5
876935	684572	228190.6667	438467.5
819439	735945	245315	409719.5
807929	730950	243650	403964.5
850451	764015	254671.6667	425225.5
811748	766105	255368.3333	405874
824765	761114	253704.6667	412382.5
848586	789052	263017.3333	424293
812231	739235	246411.6667	406115.5
873532	712802	237600.6667	436766
842590	716861	238953.6667	421295
832798	734777	244925.6667	416399
817640	730018	243339.3333	408820
824322	744720	248240	412161
777697	798253	266084.3333	388848.5
868493	677155	225718.3333	434246.5
805658	698630	232876.6667	402829
840349	790707	263569	420174.5
796953	726378	242126	398476.5
832589	782799	260933	416294.5
817441	709397	236465.6667	408720.5
856029	730586	243528.6667	428014.5
805089	762512	254170.6667	402544.5
854628	773470	257823.3333	427314
846090	651306	217102	423045
796943	674692	224897.3333	398471.5
827192	785316	261772	413596
818209	719382	239794	409104.5
795200	786424	262141.3333	397600
817777	724927	241642.3333	408888.5
846512	683647	227882.3333	423256
825080	746712	248904	412540
824674	806300	268766.6667	412337
822616	735941	245313.6667	411308
805391	732659	244219.6667	402695.5
823250	732088	244029.3333	411625
850376	739749	246583	425188
821337	733356	244452	410668.5
796786	724615	241538.3333	398393
862425	741010	247003.3333	431212.5
825690	703854	234618	412845
800872	672603	224201	400436
825395	715780	238593.3333	412697.5
843911	730036	243345.3333	421955.5
820238	732928	244309.3333	410119
848570	703697	234565.6667	424285
825515	738284	246094.6667	412757.5
820367	732364	244121.3333	410183.5
822025	749214	249738	411012.5
837718	761480	253826.6667	418859
871723	685520	228506.6667	435861.5
850904	720163	240054.3333	425452
816775	739989	246663	408387.5
822103	732911	244303.6667	411051.5
815455	755486	251828.6667	407727.5
835648	756631	252210.3333	417824
868626	737331	245777	434313
825997	730652	243550.6667	412998.5
817252	730254	243418	408626
877906	722361	240787	438953
808440	729985	243328.3333	404220
791470	751113	250371	395735
841654	764836	254945.3333	420827
825429	732758	244252.6667	412714.5
751215	828365	276121.6667	375607.5
804706	788001	262667	402353
820194	734233	244744.3333	410097
869991	705259	235086.3333	434995.5
809779	663654	221218	404889.5
822078	711840	237280	411039
866139	717138	239046	433069.5
829379	718721	239573.6667	414689.5
837582	763266	254422	418791
783999	732487	244162.3333	391999.5
800231	732106	244035.3333	400115.5
862569	719773	239924.3333	431284.5
838764	652792	217597.3333	419382
849343	713993	237997.6667	424671.5
828297	715480	238493.3333	414148.5
821259	750089	250029.6667	410629.5
874643	729921	243307	437321.5
819058	729125	243041.6667	409529
817018	729596	243198.6667	408509
797804	715342	238447.3333	398902
838515	768484	256161.3333	419257.5
829398	724900	241633.3333	414699
754841	796342	265447.3333	377420.5
878690	739021	246340.3333	439345
821908	732077	244025.6667	410954
786495	759000	253000	393247.5
823987	687499	229166.3333	411993.5
787988	741203	247067.6667	393994
839339	726322	242107.3333	419669.5
822425	727248	242416	411212.5
854412	725575	241858.3333	427206
788351	737539	245846.3333	394175.5
838587	700545	233515	419293.5
840425	762290	254096.6667	420212.5
817395	734126	244708.6667	408697.5
807913	737341	245780.3333	403956.5
872285	750708	250236	436142.5
788166	702817	234272.3333	394083
836225	709204	236401.3333	418112.5
822293	786837	262279	411146.5
888892	702505	234168.3333	444446
822623	745025	248341.6667	411311.5
795124	696429	232143	397562
832238	725434	241811.3333	416119
815593	689874	229958	407796.5
843572	784897	261632.3333	421786
833716	758772	252924	416858
822474	780882	260294	411237
801102	759330	253110	400551
841752	731595	243865	420876
808779	732990	244330	404389.5
822533	758955	252985	411266.5
817807	715863	238621	408903.5
837977	728814	242938	418988.5
801204	755177	251725.6667	400602
819628	810748	270249.3333	409814
814732	734183	244727.6667	407366
832086	716249	238749.6667	416043
876503	659112	219704	438251.5
823856	749355	249785	411928
819737	737829	245943	409868.5
818756	743887	247962.3333	409378
811971	664520	221506.6667	405985.5
801526	705057	235019	400763
827031	734324	244774.6667	413515.5
843891	721571	240523.6667	421945.5
810460	735109	245036.3333	405230
782368	759352	253117.3333	391184
801172	715857	238619	400586
866928	716961	238987	433464
829673	730398	243466	414836.5
850888	736810	245603.3333	425444
786935	732999	244333	393467.5
769656	721159	240386.3333	384828
804925	735492	245164	402462.5
870054	738900	246300	435027
818932	728481	242827	409466
853692	746285	248761.6667	426846
807072	687932	229310.6667	403536
750459	800215	266738.3333	375229.5
823959	737866	245955.3333	411979.5
835804	710711	236903.6667	417902
790206	747165	249055	395103
813092	739043	246347.6667	406546
801810	728106	242702	400905
825404	733788	244596	412702
820947	730529	243509.6667	410473.5
827081	694553	231517.6667	413540.5
822664	720677	240225.6667	411332
768565	762193	254064.3333	384282.5
823113	733720	244573.3333	411556.5
821079	800206	266735.3333	410539.5
828531	731300	243766.6667	414265.5
820757	738235	246078.3333	410378.5
781260	737962	245987.3333	390630
819438	662327	220775.6667	409719
833504	744564	248188	416752
789552	731946	243982	394776
822843	763117	254372.3333	411421.5
775555	719683	239894.3333	387777.5
865084	713697	237899	432542
820455	729132	243044	410227.5
849547	738979	246326.3333	424773.5
762269	792243	264081	381134.5
821464	700760	233586.6667	410732
824013	753991	251330.3333	412006.5
803369	698753	232917.6667	401684.5
823589	728083	242694.3333	411794.5
796353	710294	236764.6667	398176.5
820083	728310	242770	410041.5
829133	735488	245162.6667	414566.5
823455	747394	249131.3333	411727.5
818542	740451	246817	409271
809623	734937	244979	404811.5
841762	777572	259190.6667	420881
802184	751958	250652.6667	401092
803874	675499	225166.3333	401937
830065	739162	246387.3333	415032.5
824140	729074	243024.6667	412070
852730	769968	256656	426365
866760	753547	251182.3333	433380
811031	703822	234607.3333	405515.5
825414	734466	244822	412707
816615	770855	256951.6667	408307.5
786227	765634	255211.3333	393113.5
817269	733788	244596	408634.5
809453	736879	245626.3333	404726.5
757421	774445	258148.3333	378710.5
818251	731938	243979.3333	409125.5
788020	765562	255187.3333	394010
823618	734216	244738.6667	411809
812295	728049	242683	406147.5
837545	696979	232326.3333	418772.5
797918	694723	231574.3333	398959
822224	742716	247572	411112
821895	732158	244052.6667	410947.5
797233	713358	237786	398616.5
800258	733812	244604	400129
813319	737376	245792	406659.5
860951	162251	54083.66667	430475.5
860387	157731	52577	430193.5
857363	154639	51546.33333	428681.5
863391	126214	42071.33333	431695.5
839094	159543	53181	419547
849248	164090	54696.66667	424624
875990	133950	44650	437995
905936	150106	50035.33333	452968
895835	123485	41161.66667	447917.5
818079	108536	36178.66667	409039.5
898976	198452	66150.66667	449488
869087	153957	51319	434543.5
849653	143827	47942.33333	424826.5
834293	161575	53858.33333	417146.5
844234	153197	51065.66667	422117
835128	212354	70784.66667	417564
828179	155649	51883	414089.5
875410	128878	42959.33333	437705
850965	156224	52074.66667	425482.5
800816	176612	58870.66667	400408
832621	150748	50249.33333	416310.5
876863	176593	58864.33333	438431.5
826192	172906	57635.33333	413096
862679	188399	62799.66667	431339.5
839974	154358	51452.66667	419987
854338	135067	45022.33333	427169
855233	141357	47119	427616.5
850538	160159	53386.33333	425269
868442	160118	53372.66667	434221
888714	205560	68520	444357
864185	161232	53744	432092.5
851280	156049	52016.33333	425640
875825	204959	68319.66667	437912.5
840375	155757	51919	420187.5
892340	149050	49683.33333	446170
873527	126426	42142	436763.5
836433	200181	66727	418216.5
826499	142732	47577.33333	413249.5
854922	159650	53216.66667	427461
883537	210648	70216	441768.5
807420	168787	56262.33333	403710
840299	118907	39635.66667	420149.5
834602	213597	71199	417301
864053	139325	46441.66667	432026.5
856454	117143	39047.66667	428227
857972	160214	53404.66667	428986
850046	108829	36276.33333	425023
804936	148980	49660	402468
864374	150149	50049.66667	432187
858587	150101	50033.66667	429293.5
870247	121460	40486.66667	435123.5
855656	162100	54033.33333	427828
850176	127908	42636	425088
850057	157848	52616	425028.5
828005	145089	48363	414002.5
861994	160156	53385.33333	430997
849537	157510	52503.33333	424768.5
867125	168762	56254	433562.5
838142	156770	52256.66667	419071
847644	164348	54782.66667	423822
856349	158150	52716.66667	428174.5
860606	152843	50947.66667	430303
869288	168662	56220.66667	434644
838328	185708	61902.66667	419164
860986	140320	46773.33333	430493
829229	143653	47884.33333	414614.5
866051	172932	57644	433025.5
871556	194747	64915.66667	435778
865489	161762	53920.66667	432744.5
851840	110475	36825	425920
846256	154064	51354.66667	423128
836081	178429	59476.33333	418040.5
859707	202806	67602	429853.5
849938	156042	52014	424969
894124	202052	67350.66667	447062
864325	170593	56864.33333	432162.5
848108	161786	53928.66667	424054
817619	181929	60643	408809.5
858058	196183	65394.33333	429029
861242	161722	53907.33333	430621
885793	172115	57371.66667	442896.5
850577	157049	52349.66667	425288.5
877125	161227	53742.33333	438562.5
883864	111281	37093.66667	441932
891699	170415	56805	445849.5
802394	87835	29278.33333	401197
862759	157988	52662.66667	431379.5
824185	167369	55789.66667	412092.5
813124	157130	52376.66667	406562
840335	164912	54970.66667	420167.5
858042	178196	59398.66667	429021
846257	145306	48435.33333	423128.5
858516	151301	50433.66667	429258
851282	153750	51250	425641
905005	164126	54708.66667	452502.5
857309	139276	46425.33333	428654.5
845589	192916	64305.33333	422794.5
895245	150977	50325.66667	447622.5
863995	150435	50145	431997.5
862642	159379	53126.33333	431321
861631	169376	56458.66667	430815.5
858934	162874	54291.33333	429467
912023	160368	53456	456011.5
842824	177832	59277.33333	421412
824560	133679	44559.66667	412280
842281	175525	58508.33333	421140.5
860845	155375	51791.66667	430422.5
841096	188742	62914	420548
821428	153468	51156	410714
840357	169437	56479	420178.5
827802	189078	63026	413901
844734	164570	54856.66667	422367
847812	114745	38248.33333	423906
887269	166179	55393	443634.5
830159	134329	44776.33333	415079.5
850925	157811	52603.66667	425462.5
847276	121785	40595	423638
870599	149782	49927.33333	435299.5
780153	136449	45483	390076.5
814379	132655	44218.33333	407189.5
834483	173379	57793	417241.5
852423	159874	53291.33333	426211.5
854012	157449	52483	427006
883375	158482	52827.33333	441687.5
850219	110573	36857.66667	425109.5
836450	151205	50401.66667	418225
881217	172320	57440	440608.5
813239	139752	46584	406619.5
871255	140340	46780	435627.5
789356	159383	53127.66667	394678
873690	156226	52075.33333	436845
858834	149259	49753	429417
778867	140736	46912	389433.5
872057	122354	40784.66667	436028.5
882097	161493	53831	441048.5
787336	144875	48291.66667	393668
849751	167033	55677.66667	424875.5
843833	170416	56805.33333	421916.5
850663	157840	52613.33333	425331.5
812240	177846	59282	406120
838609	140215	46738.33333	419304.5
850959	157920	52640	425479.5
859703	156782	52260.66667	429851.5
854753	190254	63418	427376.5
895723	126593	42197.66667	447861.5
857833	170565	56855	428916.5
850200	164752	54917.33333	425100
845303	150476	50158.66667	422651.5
877422	134877	44959	438711
850153	155701	51900.33333	425076.5
819256	201704	67234.66667	409628
871689	155981	51993.66667	435844.5
818014	140185	46728.33333	409007
815298	167390	55796.66667	407649
864088	171351	57117	432044
902529	162041	54013.66667	451264.5
908069	146564	48854.66667	454034.5
799326	106384	35461.33333	399663
854996	81095	27031.66667	427498
843813	182032	60677.33333	421906.5
888504	147016	49005.33333	444252
877964	242679	80893	438982
851866	156896	52298.66667	425933
821361	175823	58607.66667	410680.5
810775	160434	53478	405387.5
843150	156573	52191	421575
844088	150085	50028.33333	422044
830620	117906	39302	415310
835790	127898	42632.66667	417895
819541	117296	39098.66667	409770.5
858703	157931	52643.66667	429351.5
857846	153281	51093.66667	428923
876408	183646	61215.33333	438204
842576	153072	51024	421288
848974	199427	66475.66667	424487
862925	243856	81285.33333	431462.5
856561	128799	42933	428280.5
834171	189042	63014	417085.5
872516	217570	72523.33333	436258
869167	105039	35013	434583.5
819670	183364	61121.33333	409835
846575	159002	53000.66667	423287.5
895127	152283	50761	447563.5
830445	186055	62018.33333	415222.5
792179	148539	49513	396089.5
852410	187705	62568.33333	426205
853554	158012	52670.66667	426777
927170	250593	83531	463585
825605	167750	55916.66667	412802.5
846731	162515	54171.66667	423365.5
878170	123364	41121.33333	439085
884966	133900	44633.33333	442483
866987	154415	51471.66667	433493.5
846284	113820	37940	423142
873474	159567	53189	436737
878258	158631	52877	439129
882306	173836	57945.33333	441153
856924	169071	56357	428462
794260	129843	43281	397130
851568	114049	38016.33333	425784
868736	179354	59784.66667	434368
925732	210388	70129.33333	462866
868375	161990	53996.66667	434187.5
855593	161003	53667.66667	427796.5
849599	157084	52361.33333	424799.5
868317	177001	59000.33333	434158.5
800304	163436	54478.66667	400152
823740	169808	56602.66667	411870
856202	158811	52937	428101
883929	121705	40568.33333	441964.5
851010	157593	52531	425505
872506	157517	52505.66667	436253
850533	160136	53378.66667	425266.5
816393	185056	61685.33333	408196.5
850911	157772	52590.66667	425455.5
812942	85345	28448.33333	406471
835581	147664	49221.33333	417790.5
913298	162009	54003	456649
858172	137586	45862	429086
872781	154295	51431.66667	436390.5
871597	185239	61746.33333	435798.5
923120	170161	56720.33333	461560
837019	215527	71842.33333	418509.5
835702	176502	58834	417851
837017	154170	51390	418508.5
859177	143273	47757.66667	429588.5
866851	129505	43168.33333	433425.5
855852	134834	44944.66667	427926
924289	171369	57123	462144.5
860154	113364	37788	430077
836739	162321	54107	418369.5
850775	162968	54322.66667	425387.5
884750	154317	51439	442375
849681	125345	41781.66667	424840.5
854463	159977	53325.66667	427231.5
883567	161769	53923	441783.5
848137	87922	29307.33333	424068.5
823676	152154	50718	411838
848135	130674	43558	424067.5
844400	150812	50270.66667	422200
864494	136669	45556.33333	432247
878157	210496	70165.33333	439078.5
851088	157432	52477.33333	425544
786528	104976	34992	393264
860106	157080	52360	430053
861412	205239	68413	430706
820675	168154	56051.33333	410337.5
834036	144156	48052	417018
842907	133992	44664	421453.5
846720	162060	54020	423360
871544	144135	48045	435772
849003	115373	38457.66667	424501.5
